time,x,y,z,phi,theta,psi,x_velocity,y_velocity,z_velocity,phi_velocity,theta_velocity,psi_velocity,rotor_speed1,rotor_speed2,rotor_speed3,rotor_speed4
0.02,0.0,0.0,10.001015356488152,7.980103466920241e-07,6.956120426337975e-07,0.0,0.0,0.0,0.10153564881523884,-0.0012633371254664408,0.0011795016261330247,0.0,497.13848170680086,497.3976418254644,498.0509681491606,497.7737468805905
0.04,-1.8785877418873893e-09,2.155127230805084e-09,10.003784695139009,1.817049099450685e-05,8.38219550400865e-05,0.0,-1.8785877418873894e-07,2.1551272308050842e-07,0.17539821627038524,0.007971295856677968,0.012091541808843986,0.0,471.8008274167347,474.3210985232213,473.69998885593975,475.82524712678827
0.06,-1.6858274843238648e-07,4.17881882076538e-08,10.007274624906065,0.00018086753011825607,0.0003500664699789269,0.0,-1.6482557294861167e-05,3.7477933746043625e-06,0.1735947604353089,0.005413514790946546,0.005103884295510595,0.0,402.78076405945313,400.88065645573005,402.7259389243787,402.03129473536734
0.08,-1.2858837303521615e-06,5.236961155440832e-07,10.011034520756589,0.0003031752198472404,0.00046119299444136175,0.0,-9.524754089711631e-05,4.444299935903858e-05,0.20239482461703692,0.010712079485206086,0.009358020765318175,0.0,432.3083175507194,433.382078908655,431.67406182274834,433.01301158724283
0.1,-4.463537689954304e-06,2.2491950490149596e-06,10.01588000598566,0.0005491120423872786,0.0006483779025012737,0.0,-0.00022251785506309795,0.00012810689398804904,0.28215369828997433,0.0027502665213682345,0.009579347464693659,0.0,479.5751656256262,479.6254581610019,479.48384841186936,477.66599271118463
0.12000000000000001,-1.0689029501454768e-05,6.314696400816919e-06,10.02229888791802,0.0006707489444552905,0.0008403101220739728,0.0,-0.00040003132608694837,0.0002784432411921469,0.3597344949460299,0.014294232186615716,0.008748359765004347,0.0,477.8533739523947,477.66320000194906,475.3753430755607,478.0212213667642
0.14,-2.1120215152125368e-05,1.3823671652087127e-05,10.03042403133286,0.0009878846360011906,0.0010315690805020594,0.0,-0.0006430872389801116,0.00047245428393487396,0.4527798465379772,0.02220005887497682,0.014456557926973083,0.0,490.04668621151245,491.31762446167437,489.56039093819953,491.3215468601236
0.16,-3.6771949280800116e-05,2.5944595890042148e-05,10.040222233230207,0.0014318903574803699,0.0013207441473115367,0.0,-0.0009220861738873638,0.000739638139860628,0.5270403431968045,0.022295389665420044,0.014752896484537639,0.0,473.67029852611404,473.73852828727786,475.16408430524405,475.1859919202963
0.18,-5.8367839176935344e-05,4.415695815275938e-05,10.05118920976899,0.0018791514863290004,0.0016183326530851971,0.0,-0.0012375028157261586,0.001081598086411095,0.5696573106815852,0.02394058603080644,0.012503196023096318,0.0,445.33047261584767,444.7780513482483,446.5709829081868,446.97335699286344
0.19999999999999998,-8.723687916093159e-05,7.057173268120539e-05,10.063165551091089,0.0024192418109958425,0.001868427860199695,0.0,-0.0016494011826734658,0.001559879366433506,0.6279768215283448,0.01287003012330909,0.012753342590224793,0.0,459.9367321764217,459.99602747138596,462.07725747434546,459.45208208382206
0.21999999999999997,-0.0001245443553777016,0.00010736213717322258,10.076074888778678,0.0026910794349168654,0.0021237319324916015,0.0,-0.0020813464390035366,0.002119161082768212,0.6629569472305166,0.007496572864712456,0.012064545831065832,0.0,439.19643170484943,439.02492049714385,439.25109199062763,437.91228053196716
0.23999999999999996,-0.00017041150304523958,0.00015511831959425483,10.089368605093497,0.002860143378229374,0.0023664561503089487,0.0,-0.0025053683277502597,0.0026564571593350136,0.6664146842514943,0.013682441602107378,0.010371441465836892,0.0,408.92541395588285,408.4726575194367,406.3334055831275,407.9933159222762
0.25999999999999995,-0.00022655977426550597,0.00021554858288118007,10.103287603927214,0.0031893148697941243,0.002648168392256345,0.0,-0.0031094587942763763,0.0033865691693575097,0.7254851991202469,0.0031446373219965722,-0.00181735770639525,0.0,461.71179826700956,458.818116308947,463.2826368284108,460.79049064323954
0.27999999999999997,-0.0002963003942434186,0.0002923744792417948,10.118686856813394,0.00326013564051042,0.0026229088476945606,0.0,-0.0038646032035148875,0.004296020466703965,0.8144400894976478,0.007126602735239186,-0.006526414844664952,0.0,487.67769201339183,486.6215201948201,487.25654339373233,488.1485961634883
0.3,-0.00038047264989444444,0.0003868465357174313,10.135636748533612,0.003404505362419208,0.0024931873154558915,0.0,-0.0045526223615876965,0.0051511851808596805,0.8805490825242047,0.00520948656537566,-0.005256167108938813,0.0,467.37651293347454,467.67349060527977,468.00357610750535,467.5556571555013
0.32,-0.00047802480945439724,0.0004987456573506501,10.153892688806184,0.0035517238710225385,0.0024029157855691707,0.0,-0.0052025935944075875,0.0060387269824622065,0.9450449447329093,-0.004067234546761707,-0.010706270280840556,0.0,466.6633564894377,465.3855996066629,467.69076751068536,465.51832504274864
0.34,-0.0005881049455227331,0.0006284303836816487,10.173340279800419,0.003476820585580853,0.002193977117339152,0.0,-0.005805420012426001,0.0069297456506376455,0.9997141546904809,-0.0004779712536643805,-0.01392705819285579,0.0,457.4587058060851,456.68888421867763,457.64800339088094,458.5042389060943
0.36000000000000004,-0.0007090061443975556,0.0007746203250637186,10.193557044752174,0.0034717995068147545,0.0019523604064985989,0.0,-0.006284699875056241,0.007689248487569359,1.0219623404850153,0.002534783733856816,-0.022520596813950598,0.0,428.14168442016637,425.9429618796092,426.97067403998943,427.74099222383046
0.38000000000000006,-0.0008395985421582846,0.0009371156585862334,10.214543193931837,0.0035394387033589325,0.0015094081930753234,0.0,-0.006774539901016655,0.008560284864682119,1.0766525774813398,-0.0032864741829765117,-0.01865802698126889,0.0,457.8002880351352,458.72125881730403,457.8952011293666,456.5039168242062
0.4000000000000001,-0.0009790747207717148,0.0011176663390222077,10.236754507538981,0.003523520150276127,0.0011730748855098838,0.0,-0.007173077960326352,0.009494783178915313,1.1444787832330945,-0.0132675493331288,-0.027240244883458463,0.0,470.86413736486776,468.86842381287147,470.5198609535127,468.1963216708898
0.4200000000000001,-0.001125449888052182,0.0013163128793331885,10.260165671920184,0.003266309316304117,0.0006340625338427941,0.0,-0.007464438767720379,0.010369870852182772,1.196637654887282,-0.017302435376289543,-0.030643932883992517,0.0,456.7723873689549,455.95728413817704,455.44926015759364,454.4803329572344
0.4400000000000001,-0.0012762898408056839,0.0015316997840613038,10.284582502997448,0.0029384663913925024,2.892914158270088e-05,0.0,-0.0076195565076298015,0.011168819620628745,1.2450454528390702,-0.011268235741831695,-0.026708131715206702,0.0,452.2789109874246,453.22848769894813,451.1963684858701,452.6554192621297
0.46000000000000013,-0.0014287450483924616,0.0017615582447886918,10.309727427990627,0.002759294845997573,6.282722801723777,0.0,-0.007625964251047993,0.01181702645211007,1.2694470464788583,-0.0016564544873897014,-0.01746388627150571,0.0,428.51660000012095,430.8671908577684,428.7197437743519,431.16268425958947
0.48000000000000015,-0.001580221042104774,0.002004124513922463,10.335410755412433,0.002726543140314952,6.282379720135946,0.0,-0.007521635120183251,0.012439600461267047,1.298885695701747,-0.002525228410720283,-0.020984152624687197,0.0,435.56055430822107,434.676594708979,434.43429927819597,434.21576560077665
0.5000000000000001,-0.0017283517280893494,0.002260708545365364,10.362284432357992,0.0026761610744374664,6.281960700564262,0.0,-0.007291433478274277,0.013218802683023069,1.3884819988542245,-0.0020302489420970797,-0.022136090824956437,0.0,489.3491707785435,489.091935100456,488.63348762431326,488.7442150062111
0.5200000000000001,-0.0018712488479206437,0.0025314913604569922,10.390486230487754,0.002719257508256412,6.28157882216863,0.0,-0.006998278504855154,0.013859478826139774,1.4316978141220864,0.010908175433452277,-0.011104914925109323,0.0,446.83633360693074,449.5257944774932,446.2304538086269,449.3875944365549
0.5400000000000001,-0.0020074884692650036,0.0028149879569963686,10.419477736057397,0.0029377374108241483,6.281356725920805,0.0,-0.006625683629580841,0.014490180827797856,1.4674527428422757,0.011703655035169673,-0.011040873114802357,0.0,440.8793308795041,440.8953262140459,441.2771409816367,441.47395213575595
0.5600000000000002,-0.0021351078132908347,0.0031126547782161142,10.44954156136713,0.0031828591557667707,6.281209525634594,0.0,-0.006136250773002258,0.015276501294176705,1.5389297881310309,0.007002879729042664,-0.023174889439537744,0.0,475.42795558864117,472.6310486169848,473.9106646119034,472.82543158599765
0.5800000000000002,-0.0022530019773622147,0.0034259671029227114,10.480803366689123,0.003324520942768139,6.28074826401205,0.0,-0.005653165634135753,0.01605473117648301,1.58725074406814,0.005211683246012224,-0.021060100444452994,0.0,452.1948649850273,452.70556766197205,453.9876192229162,453.5561791678115
0.6000000000000002,-0.0023605336680849174,0.0037546077582433974,10.512856340846563,0.0034468653141006556,6.280335193404834,0.0,-0.005100003438134508,0.016809334355585584,1.6180466716757402,-0.0008067395394870478,-0.02509281706541768,0.0,436.4570795728522,435.44627493382234,438.5450418179987,437.04278025319576
0.6200000000000002,-0.0024554791766328472,0.004099325981854391,10.545730587390834,0.0034309128231138075,6.279836432392143,0.0,-0.004394547416658473,0.017662488005513864,1.6693779827514144,-0.00020291870005168227,-0.022604713925911676,0.0,454.9250506826563,455.52220294391026,456.8856362136764,457.0300443302878
0.6400000000000002,-0.002534542133654712,0.00446161976126426,10.579792362480353,0.0034358629005586394,6.2793899093703125,0.0,-0.003511748285528013,0.018566889935472987,1.7367995262006528,0.004041713544603894,-0.019266673576086604,0.0,469.80556268588344,470.58130849256383,470.6753469128858,471.65974746150573
0.6600000000000003,-0.0025971062728641237,0.004839901389665114,10.614587538807312,0.0035175099755191397,6.279019439627319,0.0,-0.002744665635413159,0.01926127290461244,1.7427181064952841,0.005316706931736593,-0.01381438441874339,0.0,412.3491199462984,413.7914747278283,412.7802936880334,413.11760295930355
0.6800000000000003,-0.002640707725916233,0.005234660820565854,10.650190542875412,0.003678913306194964,6.278749522681027,0.0,-0.0016154796697977545,0.020214670185461643,1.8175823003148264,0.01581139054210669,-0.010244862859009508,0.0,476.627210516817,477.4449841985867,476.6164683665265,479.0163919111667
0.7000000000000003,-0.00266346031894583,0.005646879983952822,10.686734778419277,0.003997543197781894,6.278572197596159,0.0,-0.0006597796331619754,0.02100724615323509,1.8368412540716474,0.013619550792197154,-0.0028189390361183907,0.0,425.4244950867869,427.327759213388,426.9183336152365,426.35686072180374
0.7200000000000003,-0.0026657386728779283,0.006076484758256061,10.723876217514853,0.004270287034558784,6.278569900922378,0.0,0.00043194423995213485,0.021953231277088908,1.877302655485789,0.014459575712496295,-0.013219141624582187,0.0,448.54675342764074,446.0059662264672,446.1532008479736,446.35877857402795
0.7400000000000003,-0.0026445623827337453,0.006527148588717111,10.762176717800495,0.004560044827377929,6.278328460426893,0.0,0.001685684774466178,0.023113151769016016,1.952747373078281,0.013395359034575728,-0.006445318921404518,0.0,477.7928102718573,479.33962551197544,478.2586785443042,478.01534027653724
0.7600000000000003,-0.0025993419981682115,0.0070002143649653716,10.801638847058648,0.00483625644620389,6.278219538595417,0.0,0.0028363536820871908,0.02419342585581009,1.9934655527370644,0.009319960125392787,-0.012767430428264046,0.0,447.5814732303008,446.0354117523856,448.50647722139774,447.51233183178834
0.7800000000000004,-0.0025284117053405914,0.007497914764775432,10.842406372158255,0.005107928102019876,6.277998409167056,0.0,0.004256675600674854,0.025576614125195938,2.0832869572237023,-0.003739324181806277,-0.004494682371640409,0.0,490.0973505974109,491.9385307152687,492.56792284830203,489.66211131352287
0.8000000000000004,-0.002429868591312131,0.008022651499521737,10.884695375177337,0.005052954886568095,6.27791930623431,0.0,0.005597635802171182,0.026897059349434656,2.1456133446844814,-0.010034285370580555,0.00015089933298197914,0.0,466.919819738748,468.00585329222963,468.3233999782291,466.8523583826665
0.8200000000000004,-0.002305103888633882,0.008572885153563902,10.928078579555866,0.004852947340785008,6.2779350092128325,0.0,0.00687883446565375,0.028126306054781704,2.1927070931684964,-0.011198898292153713,-0.004885963155109262,0.0,454.09276553236907,452.8790478351375,454.67709581145886,454.3972390387754
0.8400000000000004,-0.00215834779169018,0.009143894571851219,10.971719062562192,0.004629772512320329,6.277884309560143,0.0,0.007796775228716451,0.028974635773950035,2.171341207464038,-0.00993150933949259,0.004811419008470567,0.0,385.95479860298576,388.69086534564946,385.4178249009201,385.77710478335905
0.8600000000000004,-0.0019901293688101007,0.009734113215901596,11.015500947510853,0.004432767611825206,6.277986061821807,0.0,0.009025067059291481,0.030047228631087722,2.2068472874021596,-0.00812857490087603,0.0014876014758543974,0.0,443.8407436076954,443.0215636288031,443.09255621888246,443.53709616466386
0.8800000000000004,-0.001798400509903507,0.010344628190777803,11.05983530920098,0.004279208249194255,6.2780159400997135,0.0,0.010147818831367901,0.03100426885653288,2.2265888816103545,-0.003883074839362604,0.0019900920535237798,0.0,429.24445553327695,429.3723271991419,427.1065071433462,428.1914650555691
0.9000000000000005,-0.0015845129872322575,0.0109737602051866,11.104519650731499,0.004268646561452982,6.278085982516885,0.0,0.011240933435757052,0.03190893258434676,2.2418452714416834,-0.015467530721827803,-0.00578687086289161,0.0,425.0433823221944,423.03919787184725,425.8232998538228,422.84007386980926
0.9200000000000005,-0.0013485859227084455,0.0116212353429144,11.149572922761678,0.003970615577663317,6.277984097503243,0.0,0.012351773016624152,0.03283858118843337,2.26348193157618,-0.020225603997253816,-0.011050406483795502,0.0,431.4732251364292,430.13819657889104,430.72327521956873,429.5145257511147
0.9400000000000005,-0.0010887111599061797,0.012287805845074901,11.195349042350262,0.0035674740641935543,6.277768149401222,0.0,0.013635703263602413,0.033818469027616704,2.3141300272822063,-0.018569967276685265,-0.014231609921421421,0.0,457.8820878615324,457.12237793052907,457.74062681022497,458.13574063095007
0.9600000000000005,-0.0008037290051319287,0.012972251351313314,11.241934280078185,0.003196910274376741,6.277495748888024,0.0,0.01486251221382268,0.03462608159622455,2.3443937455100268,-0.017277252523514298,-0.009285563979461488,0.0,438.3160082952627,439.54748490488413,438.95744996390044,439.27919922383774
0.9800000000000005,-0.000493107449848429,0.013672282796259493,11.28921026869177,0.0028978890875865915,6.277338255540119,0.0,0.016199643314527282,0.03537706289839337,2.3832051158484555,-0.007631127531550331,-0.016797944652042616,0.0,447.8617008095533,446.02506678771664,446.23179306373675,448.5878645442352
1.0000000000000004,-0.00015716660210560307,0.014385741943384408,11.336955762962901,0.002778678301027071,6.277002497631374,0.0,0.017394441459755314,0.03596885181409814,2.3913443112648403,0.0005434383984326864,-0.016163934721142796,0.0,417.72964249866106,417.895530001847,416.83661850641965,418.97429286698394
1.0200000000000005,0.00020426086990048948,0.015111199572264563,11.385010341209973,0.002789547290346306,6.27671453481139,0.0,0.01874830574085394,0.036576911073917376,2.4141135134424347,0.0005223979339651766,-0.024568204402717037,0.0,433.43473768948485,431.3107359004686,432.0529735342311,432.0476394535032
1.0400000000000005,0.0005927744629370909,0.0158485740249697,11.433424222526536,0.0029168251638607146,6.276234262792535,0.0,0.020103053562806197,0.03716053419659649,2.427274618213782,0.015808333615822116,-0.019858200326699917,0.0,422.80157283336865,424.0170599429794,420.55345394135105,424.506807105926
1.0600000000000005,0.0010108564070925277,0.016598503278709275,11.482312489957243,0.003239263134062753,6.275845230027091,0.0,0.02170514085273749,0.037832391177360813,2.4615521248567958,0.012266780881449618,-0.015825523525693025,0.0,442.6943104132347,443.68867347813404,443.8610112177747,442.98813886262224
1.0800000000000005,0.0014591266967080505,0.017361399263806792,11.531511648874341,0.0034945834563568923,6.275529293445796,0.0,0.02312188810881478,0.038457207332390775,2.4583637668530156,0.007798066376130958,-0.014754179306797432,0.0,406.0026536067473,406.2909822188689,408.07836754485425,406.8798270110437
1.1000000000000005,0.0019389284856090616,0.01813846506112502,11.580984901437395,0.003653709020058571,6.27525815861485,0.0,0.02485829078128632,0.03924937239943232,2.4889614894523846,0.005282420860980908,-0.007833376580191198,0.0,439.216904170499,440.93554760192916,440.20659582186624,439.5815495167135
1.1200000000000006,0.0024539731065253544,0.018931688813198514,11.631057473079052,0.0037654345359490193,6.27510196824446,0.0,0.026646171310343005,0.04007300280791674,2.518295674713343,0.0017961338187046064,-0.0068564823030531335,0.0,438.81291911613704,439.056243206822,439.3621701015463,438.4941135216029
1.1400000000000006,0.0030062437985387607,0.019742156991930628,11.681854814046096,0.003828959201467086,6.27497499146536,0.0,0.028580897890997624,0.04097381506529475,2.561438421991182,0.009226071792067834,-0.01136267070595976,0.0,453.0117448697262,451.9235447626237,450.54930189294123,452.3477525026298
1.1600000000000006,0.003594265026114763,0.020569278669438675,11.73311943960746,0.004013610248482458,6.27475566873918,0.0,0.030221224866602555,0.04173835268550965,2.565024134145182,0.00871693296292176,-0.007380036417039053,0.0,412.75149079106376,413.80469732416356,415.1441872528394,415.01002794624173
1.1800000000000006,0.0042182223671358675,0.021413341371631325,11.784775050937558,0.004194588724288906,6.274661099035992,0.0,0.03217450923550789,0.042667917533755415,2.6005369988647655,0.012361056053099426,-0.0176786795464791,0.0,445.99959497715804,443.4691715570576,445.02063760721956,445.9144605200312
1.2000000000000006,0.0048825441600838715,0.02227694593202009,11.837267580536102,0.004442295627321791,6.274332556345534,0.0,0.03425767005929255,0.04369253850512078,2.6487159609896955,0.013346735484900708,-0.010603243097322149,0.0,456.7681081865706,458.45780122103395,456.1638493530477,456.39979035606285
1.2200000000000006,0.005588116530936723,0.02316103827923558,11.890586387458294,0.004709546233749862,6.274120497131953,0.0,0.03629956702599259,0.04471669621642853,2.6831647312294926,0.012551881120587059,-0.010709529170292331,0.0,444.6207183132502,444.5947192759471,444.5098520166663,444.3142844920084
1.2400000000000007,0.00633511741046177,0.02406628289518266,11.944605367332027,0.0049797845776078375,6.273924622659884,0.0,0.03840052092651213,0.04580776537827945,2.718733256143889,0.018748770896262687,-0.004657073249701216,0.0,445.13327991668353,446.6167934864663,444.81528002953013,446.3349689390824
1.2600000000000007,0.007127472190767838,0.024995524298277935,11.999646796160073,0.005357292288187487,6.273833524261494,0.0,0.04083495710409468,0.04711637493124819,2.785409626660783,0.020999234250699876,-0.006678491862482941,0.0,473.8230205448203,473.35667674535995,474.2104526403286,474.72869339226844
1.2800000000000007,0.007963581383993107,0.025948966619686747,12.055468549194728,0.005779807458329955,6.273714191198097,0.0,0.04277596221843226,0.04822785720963281,2.7967656768048066,0.01874957421934958,-0.0013424307960113327,0.0,422.43786021546265,423.8161060688549,423.30765473668606,422.72650235264047
1.3000000000000007,0.008841294567156401,0.02692706337175852,12.111785208435293,0.0061904832387664754,6.2736954190206085,0.0,0.04499535609789714,0.04958181799754481,2.83490024725172,0.01030158084228881,0.0026766333810365646,0.0,447.80733318242187,448.78707398302305,450.09690281979147,448.0410517504147
1.3200000000000007,0.009764828508765536,0.02793410785608156,12.169010929923823,0.006402215399912592,6.2737491306180875,0.0,0.047358038063016375,0.05112263043475893,2.887671901601352,0.006925031035071038,0.0020784196087834036,0.0,462.2973534081332,462.15586909233843,462.6588114991191,461.86045794542935
1.3400000000000007,0.010731788808642779,0.028969989916627893,12.2269007142353,0.006584262977047395,6.273791829691634,0.0,0.0493379919247078,0.0524655756198746,2.901306529546516,-0.0024073809182918234,0.0035822024191469954,0.0,424.7933018225622,425.17994212219037,427.93617570746244,425.5461930315007
1.3600000000000008,0.011739214624920719,0.030033783032811883,12.285165001057944,0.006537399343730321,6.273864575817566,0.0,0.051404589703086256,0.053913735998524275,2.925122152717924,-0.004009869638237121,0.0020975626996041713,0.0,436.63801943689657,436.2662189057979,435.28700281662753,434.8845536413942
1.3800000000000008,0.012790463125653488,0.03112829526841876,12.344190030812419,0.006466933042396761,6.273906908712064,0.0,0.053720260370190745,0.055537487562163375,2.9773808227294882,-0.008421466045737836,0.0012239031472761949,0.0,461.59756097037234,461.3906374909553,463.5089315333088,462.46773208654133
1.4000000000000008,0.013888181181461018,0.032255289425601824,12.404288447086127,0.0063159429514216825,6.27395955245764,0.0,0.05605154521056229,0.05716192815614263,3.0324608046414516,-0.002515667210732618,-0.006281519243314347,0.0,466.02989773533375,464.2665753552434,464.24573427515287,465.6339647224845
1.4200000000000008,0.01502889394827459,0.03341199762472168,12.465109305490884,0.006268644127231049,6.2738341482693905,0.0,0.05801973147079499,0.05850889175584322,3.049625035834254,-0.004971077573349386,-0.006954121083795779,0.0,430.0558744588681,429.8850266874506,430.56960708759334,429.94600315200444
1.4400000000000008,0.016209810923497974,0.034595927970055035,12.526334749492143,0.006169244108757965,6.273695088386626,0.0,0.06007196605154347,0.05988414277749183,3.0729193642917028,-0.004763554109435973,-0.006741805701638166,0.0,436.13493597971626,436.18824105601163,436.0118465409515,436.0639457692291
1.4600000000000009,0.017430875106841427,0.03580636301983469,12.587899392728332,0.006077751616139437,6.273575934861007,0.0,0.06203445228280152,0.06115936220047325,3.0835449593271793,-0.0020145217087481505,-0.0011413435038679755,0.0,423.8709755767631,425.31254644131417,423.01794789259077,423.7276257929688
1.4800000000000009,0.018697592474033686,0.03704600697823098,12.650317289606619,0.0060757852483330765,6.273565769208712,0.0,0.06463728443642434,0.06280503363915592,3.1582447285015243,0.00674037022307401,-0.006173483760984528,0.0,483.0913368824203,481.9516972259837,482.12286041917713,484.1032585724008
1.5000000000000009,0.02001656527872076,0.03831866708633306,12.714247041422864,0.006211487471122545,6.273442388446602,0.0,0.0672599960322831,0.06446097717105227,3.2347304531229164,0.008078143243887686,-0.006595178223922501,0.0,484.8799433103115,484.7850000556268,484.51201712400575,484.81354282916914
1.520000000000001,0.021386020831048708,0.03962334474627045,12.779469679375367,0.006373338547393637,6.273330883101677,0.0,0.0696855592005118,0.06600678882268726,3.2875333421274116,0.008837368366121017,-0.012982387247093356,0.0,464.62070938548356,463.1160660025942,464.8704132874002,465.0487374872502
1.540000000000001,0.022799809493346285,0.04095646001008928,12.845296281784375,0.006587677190133867,6.27308951820029,0.0,0.07169330702924576,0.06730473755919485,3.2951268987733213,0.00016658115644682843,-0.006935430399972375,0.0,421.15276737091864,422.7190838948539,423.8276788320737,421.5858591443081
1.560000000000001,0.024256241954751807,0.042317274044418714,12.911472574978983,0.006595070911955325,6.273000941979525,0.0,0.07394993911130658,0.06877666587374881,3.322502420687625,0.003016878927630203,0.003077799571901311,0.0,440.6086717896042,443.08538710330413,440.64205572106374,441.3483876686562
1.580000000000001,0.02576461186670447,0.04371182117593189,12.978845115411254,0.006655458653819224,6.273117230296055,0.0,0.07688705208395971,0.07067804727756884,3.4147516225394465,0.0027001351468020404,-0.0073847359804972415,0.0,499.56254269121456,497.2684977295192,499.546851567465,499.4774941688211
1.600000000000001,0.027323005517013128,0.04513902889972079,13.047230137445554,0.0067478828748122055,6.2729728868228065,0.0,0.07895231294690629,0.07204272510132101,3.423750580890596,0.011466151124041772,-0.004795818692990489,0.0,424.1836601230101,424.8502474301894,423.40753882430045,425.6640605218168
1.620000000000001,0.02892619921894831,0.04659583318075959,13.11610838325075,0.007012660607304433,6.272914293672251,0.0,0.08136705724661222,0.07363770300255917,3.4640739996290684,0.0030453779990147947,-0.013435636203211455,0.0,455.70024831051967,453.62364627245415,454.82363292726814,452.7956642407907
1.640000000000001,0.03057811709358034,0.04808536205624318,13.185821463510154,0.007075968942420019,6.272689050433188,0.0,0.08382473021659079,0.07531518454579961,3.507234026311174,0.0008541339983745666,-0.0041115292753626295,0.0,456.03778490608454,458.26686807643875,457.26077243435077,456.73671025010583
1.660000000000001,0.03227764078180204,0.0496071851473924,13.256198984845097,0.007093217450853118,6.272647723234613,0.0,0.08612763860558002,0.07686712456912223,3.5305181071832763,0.00027823736590525106,-0.013156238992300775,0.0,439.24604962987775,436.9899916348189,439.7468155269416,439.60365213581423
1.680000000000001,0.03402685846072797,0.05116247106722731,13.327378669760954,0.0070989423440614985,6.272399951494993,0.0,0.08879412928701275,0.07866146741436804,3.5874503844024774,0.0008441806317148812,-0.018697545738245436,0.0,469.2446542984663,467.95247144590587,471.0256462849852,471.15692723995517
1.700000000000001,0.03582656782584897,0.052751377204499,13.399375762860881,0.007120151634212313,6.2720260080827295,0.0,0.09117680722508695,0.08022914631280158,3.612258925590185,-0.0020971379558708766,-0.01857505081702689,0.0,440.7989344325726,440.82935412482186,441.2885573597771,440.5595147884505
1.720000000000001,0.0376734781315474,0.05437086723887389,13.471754435689752,0.007079255884819169,6.271659674993057,0.0,0.09351422334475641,0.08171985712468698,3.6256083572969326,-0.0006500652385349431,-0.021789993015250343,0.0,431.16821719320626,430.3526115045399,429.24048323823035,429.6088005738033
1.740000000000001,0.039570907424835496,0.05602192960616301,13.54466065501372,0.007088330207970728,6.271224428398419,0.0,0.09622870598405352,0.08338637960422428,3.6650135750997808,0.0059945758988943325,-0.02073807508380259,0.0,455.2092877401676,455.46176038425,453.22577704103946,454.8251756230756
1.7600000000000011,0.04152206569521067,0.05770540326112814,13.618222389667155,0.007218377375282081,6.270812236059562,0.0,0.09888712105346438,0.08496098589228931,3.6911598902436826,0.001487770082511144,-0.023004862598870215,0.0,442.1668434642136,441.6062386399748,443.9726009726902,442.8617375293256
1.7800000000000011,0.04353333495952437,0.05942417329763502,13.692794071252496,0.007290654227658067,6.270354148898118,0.0,0.10223980537790534,0.08691601775839844,3.766008268290485,-0.007734100739132545,-0.0209998236801752,0.0,486.1989788755678,486.6494549237231,487.4705030603408,485.39865556765875
1.8000000000000012,0.04560610548925468,0.0611783791992924,13.768333273630851,0.007136233762472521,6.269961754061628,0.0,0.10503724759512532,0.08850457240734014,3.787911969545107,-0.008457356706409512,-0.013569933087057387,0.0,438.28120097539033,440.1299754141142,439.5827674308573,439.4030326868776
1.8200000000000012,0.04773367625695253,0.06296293683953798,13.84415901002281,0.006990727912942418,6.269716070374031,0.0,0.10771982917465929,0.08995119161721671,3.794661669650796,-0.0015811245115982227,-0.0063984654346811365,0.0,424.0698049936714,425.914079500005,423.96340798272087,425.73237081437685
1.8400000000000012,0.04991829767672882,0.06477763609246173,13.92033511421076,0.006963501123264493,6.269588103391385,0.0,0.11074231280296946,0.0915187336751592,3.8229487491440524,-0.004546154209151495,-0.006330259145966302,0.0,445.6887963343247,445.7056257589451,445.77190320249304,445.04442733454175
1.8600000000000012,0.052171634367705624,0.06662771039257194,13.997663750352318,0.006880328650621159,6.269464381443569,0.0,0.11459135629471118,0.09348869633586183,3.9099148650119098,-0.008483313474315843,-0.003928911564578326,0.0,496.6572017506542,497.1854213899566,498.51410881582603,497.6503428034003
1.8800000000000012,0.05449726688742235,0.06851442317992679,14.07636483707974,0.006735553030667418,6.269385806794364,0.0,0.11797189567696187,0.09518258239962238,3.96019380773031,-0.015538899847163305,-0.0038442701162983077,0.0,466.4042446994563,466.4241530057008,467.2328277693029,465.57971384635226
1.9000000000000012,0.05688704586752145,0.070432870961533,14.15580653954954,0.0064373748657029495,6.269319843656007,0.0,0.1210060023329475,0.09666219576099926,3.9839764392495907,-0.020558826535718076,0.0008295428810821894,0.0,441.59873145428827,442.7539847466757,443.47286908908825,442.2341395916975
1.9200000000000013,0.059332388268652086,0.07237781045746945,14.235344396026134,0.006043144775812692,6.26935529133214,0.0,0.12352823778011596,0.0978317538326464,3.96980920840993,-0.026380585861539577,-0.005311600092440954,0.0,407.14663489950357,405.4947887229069,405.3947245112822,403.82214730868185
1.9400000000000013,0.0618351340763232,0.07434849104848394,14.31510682154643,0.005536187485077448,6.269249237022841,0.0,0.12674634298699497,0.09923630526880184,4.006433343619601,-0.03280778221691047,-0.0059077419390050874,0.0,455.21389959554426,455.07084969647616,454.6177337535943,453.06990598825024
1.9600000000000013,0.06440037290287248,0.07634524017596592,14.395450011532905,0.004882233528285873,6.269135451108571,0.0,0.1297775396679342,0.1004386074793962,4.027885655027852,-0.03490620426545223,-0.002951756650915739,0.0,440.59710723138966,441.3298205673405,440.6174317229788,440.0962173915312
1.9800000000000013,0.06702875799009664,0.07836540022883298,14.476384243711868,0.004220321586067222,6.269076510314232,0.0,0.13306096905448084,0.1015773978073103,4.065537562868459,-0.026395958312427227,-0.003386126721799751,0.0,455.66337067718604,455.55923764163623,455.066590156004,457.1053415113909
2.0000000000000013,0.06972210161497279,0.08040653236770985,14.558011546925584,0.0036932261240760766,6.269015962840193,0.0,0.1362733934331351,0.10253581608037546,4.09719275850323,-0.027679472439536945,-0.007174282050552535,0.0,450.3844512807099,449.46435895482887,451.46951836267436,451.1585730102966
2.0200000000000014,0.07248749768292378,0.08246762799014465,14.640813066822748,0.0032187817320998846,6.268875513010181,0.0,0.1402662133619634,0.10357374616310387,4.18295923121306,-0.04026081233754808,-0.004710215898860323,0.0,497.47932849433045,498.02045646665096,500.18805058746364,497.4314608586443
2.0400000000000014,0.07532855728417077,0.08454711047730318,14.725009366327388,0.002416388400464875,6.268781311996213,0.0,0.14383974676273575,0.10437450255274898,4.236670719250902,-0.03788471675182459,-0.004791505609715193,0.0,471.0493816885616,471.0306085693249,471.4424301595947,471.9921946965534
2.0600000000000014,0.07823428318878885,0.08663941886440481,14.809791317510003,0.0016650134893820834,6.268763947906546,0.0,0.1467328436990723,0.10485633615741363,4.24152439901058,-0.03432960101430055,0.007735746485396145,0.0,425.6302151415633,428.8349270290883,425.35214453015624,426.2638750435224
2.0800000000000014,0.08120792871776654,0.0887410074295512,14.895365435420587,0.0010460316753642118,6.268928773613455,0.0,0.1506317091986969,0.1053025203572256,4.315887392047847,-0.022701169798650445,0.012232584752821705,0.0,488.9465780524671,489.9505410687009,488.59942276361807,491.1931550673088
2.1000000000000014,0.08425149939182504,0.09084928443012176,14.98189352924301,0.0005934727224259362,6.269176454526734,0.0,0.15372535820715322,0.10552517969983045,4.336921990194496,-0.02441256866174954,0.014693973882124747,0.0,442.5901730807222,443.19743681962336,442.60744785160705,442.1846224534908
2.1200000000000014,0.0873560433719679,0.09296101433759955,15.068816737553572,0.00012853701784631966,6.2694732275869605,0.0,0.15672903980713193,0.10564781104794828,4.355398840861688,-0.017583854484831615,0.017099626635166593,0.0,439.64744684517785,440.24495291768625,440.0113733526077,441.70416273125073
2.1400000000000015,0.09052171709169697,0.09507421266534184,15.156233219495855,6.282963354119503,6.2698574093374475,0.0,0.15983833216577556,0.10567202172628173,4.386249353366585,-0.019124641145902854,0.026285400177401025,0.0,451.0541795178073,453.2743438334479,452.18515318752435,451.8126789842624
2.1600000000000015,0.0937510217944839,0.09718705927375419,15.244440883937417,6.282580884346398,6.270384232508814,0.0,0.1630921381129175,0.10561263911495332,4.434517090789509,-0.019339349380944445,0.024791969349346528,0.0,468.0680846467228,467.7193564922778,468.26531494017615,468.2152679557254
2.1800000000000015,0.09704444822335652,0.09929776564439656,15.333640334035248,6.2822493611095105,6.270886595693824,0.0,0.16625050477434475,0.10545799794928287,4.485427918993749,-0.008826143330294819,0.021179823720098762,0.0,471.95358402101556,471.1164360755401,468.7944997133831,471.2391293646155
2.2000000000000015,0.10040070055072588,0.10140448976990034,15.423931566314234,6.282075138071988,6.271311824244746,0.0,0.16937472796259068,0.10521441460109489,4.543695308904859,-0.006681461962862558,0.019373126999366837,0.0,477.74799869126315,477.33448156352944,477.4521245353319,477.94292104123275
2.2200000000000015,0.10381576551765632,0.1035061399925324,15.515170429943819,6.28194200144609,6.271705239701097,0.0,0.17213176873045438,0.10495060766211109,4.58019105405373,-0.007674047838224086,0.015922644029406522,0.0,459.008405910025,458.1860437574033,458.98872165010397,458.7524218773342
2.2400000000000015,0.10728379694639242,0.10560233973580563,15.60702994527514,6.281809387351592,6.272027369298508,0.0,0.1746713741431548,0.10466936666521118,4.605760479078423,-0.014134212273493586,0.013210922501580229,0.0,449.0284843170586,448.36787546279146,450.12431080872756,448.5531266213094
2.2600000000000016,0.1108003784256845,0.10769280806076309,15.69926431482465,6.2815388204348555,6.272291637193863,0.0,0.17698677378605351,0.1043774658305352,4.617676475872532,-0.009211341417249858,0.012896453671884979,0.0,436.97460401548346,436.8958292829707,435.2593418973064,436.4938298520452
2.2800000000000016,0.1143597204991432,0.10977732672485507,15.791462220575996,6.281374681960193,6.272564796430533,0.0,0.17894743355981493,0.10407440057866274,4.602114099262128,-0.01554985128679521,0.007377366205065311,0.0,408.739510716863,407.2609442251926,411.81050143830623,410.12490963847205
2.3000000000000016,0.11796542341166384,0.11185418384984722,15.884068688007684,6.2810933868018335,6.272742171300605,0.0,0.1816228576922487,0.10361131192055203,4.6585326439066765,-0.023257233121986236,-0.00034630467992593107,0.0,477.4248071456235,475.6533260742636,478.1610768248402,476.3963056505981
2.3200000000000016,0.12161815238918189,0.11392227565905816,15.977226053368593,6.280639438150448,6.272736296757021,0.0,0.18365004005955643,0.1031978690005428,4.657203892184365,-0.018525212189264943,0.0011039022121398926,0.0,423.32106746648907,423.6953305428254,424.0073216226625,425.2252509693294
2.3400000000000016,0.12531239415286274,0.11598097832678772,16.070448724227532,6.280272200814558,6.2727683798367515,0.0,0.18577413630852838,0.10267239777241348,4.66506319370978,-0.02108134516529336,-0.003369359570735974,0.0,433.78766769721585,432.6591243206831,433.03820165894996,432.3926279397203
2.3600000000000017,0.12904800936610422,0.1180287118440753,16.16372871556355,6.279860414815781,6.272701823195586,0.0,0.18778738501562078,0.10210095395634493,4.6629359398920425,-0.0166449266710081,-0.0020805226922022274,0.0,422.88196228449465,423.2150001292389,423.05348708861436,424.1980593600602
2.3800000000000017,0.13282023449931452,0.12006541537153101,16.256605407827767,6.279551922656282,6.272672738111531,0.0,0.18943512830540918,0.10156939878922587,4.624733286529499,-0.023631538714223625,-0.007085594078349984,0.0,387.19496305216353,385.7795770582441,386.99311711234037,385.01487566795544
2.4000000000000017,0.1366328506800823,0.12208844460645743,16.34942123335281,6.279079533089805,6.272577361487766,0.0,0.19182648977136862,0.10073352470341584,4.656849265974906,-0.022936977258754064,0.0025409585550075333,0.0,453.47837735837106,455.7926661672125,456.09419870765794,456.26056012116766
2.4200000000000017,0.14049224098340074,0.12409416731188949,16.442759767640986,6.278621009455575,6.272630514461582,0.0,0.19411254056047597,0.09983874583979134,4.677004162842911,-0.022279845694422023,0.00038049438380231056,0.0,444.9647090526244,444.43368219407455,444.46581713754495,444.6273353110621
2.4400000000000017,0.14439821795722604,0.12608057559700556,16.536594587622528,6.278175794604966,6.272642497191523,0.0,0.19648515682205508,0.09880208267181283,4.706477835311099,-0.023153989020997964,-0.0025768159701869283,0.0,454.04594834539137,453.3335316147407,453.2679411952112,453.05710524373444
2.4600000000000017,0.1483531204074492,0.12804453045390077,16.631161428712755,6.277726665137386,6.2725997793908235,0.0,0.1990050882002592,0.09759340301770858,4.75020627371181,-0.02843609330622381,-0.0067764632657227025,0.0,466.67501442586536,465.69050201900626,467.5578718661859,466.32152534359494
2.4800000000000018,0.15235554929918083,0.12998476548361168,16.726322066138312,6.2771795557173675,6.2724670846441395,0.0,0.20123780097290467,0.09643009995338392,4.76585746884396,-0.02186152927402734,-0.00915743728088434,0.0,441.8958639613286,441.3066931204457,439.9883852799625,441.6182745178961
2.5000000000000018,0.15640583655768306,0.13189893484943438,16.82206859501617,6.27674517022437,6.272284819723687,0.0,0.20379092487731815,0.0949868366288856,4.808795418941858,-0.02424694013226728,-0.007827907164185981,0.0,466.44041381869863,466.75196069979336,466.3835133615557,465.82419275911343
2.520000000000002,0.16050872872922026,0.13378254446271082,16.918775532122517,6.2762751266451176,6.272133582928198,0.0,0.20649829227640026,0.09337412469875994,4.861898291693091,-0.01878887758323885,-0.004565592711037243,0.0,474.4908179000689,475.2417706426503,475.8738145999453,477.12566452649617
2.540000000000002,0.16466047140865853,0.13563627315713334,17.016031326880604,6.275905622222687,6.272112586677476,0.0,0.2086759756674281,0.09199874474349093,4.8636811841154595,-0.022330947383162002,-0.016424395643747453,0.0,429.4331747879078,426.4043666796572,430.432324594023,429.53201706566983
2.560000000000002,0.16885499043176402,0.13746229868122342,17.113249080021475,6.275466385548093,6.271792311360311,0.0,0.21077592664311984,0.09060380766551765,4.858094129971852,-0.026173413535970143,-0.012371595201773904,0.0,422.35518907446846,423.4027412827008,421.14248052204067,420.1440298430784
2.580000000000002,0.173092720320758,0.13925917950086888,17.210407931369716,6.27494342928081,6.271566864801109,0.0,0.21299706225627754,0.08908427429902706,4.857791004852238,-0.025161481288572807,-0.019002635064924882,0.0,427.64960390344174,425.9516275774103,426.8534327495818,427.1122911259842
2.600000000000002,0.17738394437074087,0.14101852148815303,17.308303551694006,6.274450878268748,6.271191770035731,0.0,0.21612534274200956,0.08684992442938635,4.931771027577136,-0.020540093248076922,-0.015853687329123976,0.0,493.2924325680751,493.989691543383,493.8446890907365,494.8663408140824
2.620000000000002,0.1817319274509791,0.1427368109138277,17.407110204291957,6.27404811288099,6.270875255255339,0.0,0.21867296528181174,0.08497901813808238,4.9488942322179295,-0.024549202177343396,-0.014796364115111184,0.0,444.05138623906913,444.31164633664224,444.7399796507448,443.7536629740147
2.640000000000002,0.18613315324883856,0.14441562326773913,17.506390579377953,6.273681486344898,6.270586433137609,0.0,0.22144961450413286,0.08290221725305799,4.979143276381742,-0.040319903332023385,-0.01856602313745852,0.0,456.29540635070015,455.3916944484979,459.0235974444486,455.2530140424953
2.660000000000002,0.19059053748264146,0.14605208997253885,17.606273758145655,6.27288949037068,6.270261549114711,0.0,0.22428880887615796,0.0807444532269133,5.009174600388574,-0.03495295030041179,-0.00892896551079247,0.0,455.1824953984408,457.4906780496443,456.15036720239704,457.4337030755763
2.680000000000002,0.19511018937835498,0.14763982347357332,17.707125032445944,6.272190714039144,6.2701000726922445,0.0,0.2276763806951932,0.07802889687653372,5.075952829640112,-0.035704847198471334,-0.0030803951300939275,0.0,488.48447227590987,489.79139951644663,489.25285849782944,489.0844674511172
2.700000000000002,0.19969622848029042,0.14917290736498626,17.809175339181355,6.271515019766277,6.270050242696453,0.0,0.23092752949834933,0.07527949226476005,5.129077843900784,-0.04446871290971132,-0.00793382830895776,0.0,479.1216022688745,478.01325450759674,478.3915319768611,476.3846596299893
2.720000000000002,0.20434975156844742,0.15064723794017082,17.912466262055712,6.2706288044856,6.269891705610938,0.0,0.23442477931735028,0.07215356525369801,5.200014443535109,-0.04698226717368946,-0.0084619962079707,0.0,493.8219680513583,493.70518351973493,493.8886369961989,493.331186261306
2.740000000000002,0.20906134434815787,0.15206829329352176,18.01625103383538,6.269693494344567,6.269726377783112,0.0,0.23673449865369314,0.0699519700813971,5.178462734431894,-0.04403771204916598,-0.005664820370847217,0.0,408.0483524418248,408.79703357117336,409.41497579272936,410.1987986325941
2.760000000000002,0.21382597338596335,0.15343710920907935,18.120091762650784,6.268857974433699,6.269632921883611,0.0,0.2397284051268558,0.06692962147436124,5.205610147108373,-0.05354921351993639,0.0006344665595117436,0.0,455.3795810585361,456.8890736878816,456.51925156096286,454.2353334326192
2.780000000000002,0.21865130527230328,0.15474295538861066,18.224521093743757,6.267787340942535,6.2696596831871485,0.0,0.2428047835071366,0.06365499647876847,5.23732296218888,-0.054386804392430196,0.0059395532406085316,0.0,458.7000464539288,459.96235458468317,461.08264168585714,460.8822777655027
2.800000000000002,0.22353651026236482,0.1559826743672891,18.329467172522342,6.2667221334472405,6.269781896465737,0.0,0.24571571549901738,0.060316901389077214,5.257284915669816,-0.061099269297974296,0.008555738928107912,0.0,448.84515710752294,449.4816643553617,451.073650703922,449.4423216742077
2.820000000000002,0.22848014219779123,0.15715273883392689,18.43484808678362,6.26553743988409,6.2699536513388185,0.0,0.24864747804362372,0.05668954527470009,5.280806510457903,-0.06973545165006707,0.00968719331869583,0.0,452.52075593022863,452.79383071137335,454.74912010606135,452.6661135843607
2.840000000000002,0.23348964946685313,0.15823748273695137,18.541275398834557,6.264157292517481,6.27016611051047,0.0,0.25230324886256844,0.05178484502774768,5.361924694635896,-0.06433884783057112,0.015805249427777394,0.0,502.6722975427196,504.00062073775564,503.06223964028595,504.2302515225664
2.860000000000002,0.23856241406994289,0.15923383601250432,18.64861371275285,6.262874799977233,6.270482956074694,0.0,0.2549732114464052,0.04785048252754487,5.371906697193346,-0.061411590970269186,0.014588223817050515,0.0,441.88417362695486,441.58294946104843,441.1279916151015,441.84962496540703
2.880000000000002,0.24368728767235168,0.160149860127379,18.756102054688338,6.261646694713871,6.270780271283661,0.0,0.2575141487944748,0.04375192895992211,5.3769274963552345,-0.061914693433779436,0.017920109957198147,0.0,436.25797482469636,437.0918358882538,437.4183542319841,437.28986100587383
2.900000000000002,0.24886830373552057,0.16097114499064527,18.864168586459314,6.260436589211025,6.271184658147572,0.0,0.26058745752241463,0.03837655736670589,5.429725680742239,-0.054406249409881854,0.008330045852460522,0.0,481.73522780465834,479.55441739500844,479.3031903330598,481.0098569111186
2.920000000000002,0.25411031550095703,0.16168087324350572,18.973336403305932,6.259392257107464,6.2713559188554875,0.0,0.2636137190212293,0.03259626791933961,5.487056003919828,-0.04504752250528237,0.005277246852468821,0.0,485.3594450967249,484.6713890358271,483.5183356088475,485.6274950578681
2.940000000000002,0.2594045269911617,0.16228820410173045,19.08298439787354,6.2584969201290725,6.27146149318007,0.0,0.2658074299992323,0.028136817903133698,5.477743452840799,-0.04839818563825249,0.00551968254329528,0.0,424.026001821339,424.08839813036917,425.09492859898614,424.2312527812403
2.960000000000002,0.264745750873669,0.1627976383376514,19.192730955764034,6.257627004142373,6.271586911452925,0.0,0.2683149582514983,0.022806605688960473,5.496912336208726,-0.06240159422796838,3.7963471611776774e-05,0.0,452.57622574690873,451.2503371753105,452.45224633847175,449.05531026797007
2.980000000000002,0.2701388647523023,0.163194155127723,19.303034519128122,6.256379060914195,6.271588702133728,0.0,0.27099642961183523,0.016845073318201002,5.5334440002000225,-0.06282267944671291,-0.0013982895501557352,0.0,467.55335067461016,467.2174845923898,467.17811454374345,467.0769899198386
3.000000000000002,0.2755828077888964,0.163474986758213,19.413827985550867,6.2551549837599065,6.271581807607575,0.0,0.2733978740475709,0.01123808973079947,5.545902642074779,-0.05477576268991247,-0.007890017340181186,0.0,446.31330570718507,444.72071117417073,444.8517318228313,446.8216360029977
3.0200000000000022,0.2810705352199002,0.1636513986074601,19.524504038559122,6.254060346069302,6.27142665954336,0.0,0.2753748690528154,0.006403095193910219,5.521702658750969,-0.053450950859857786,-0.010193181506894883,0.0,410.3676425093578,409.7538384069456,410.09561976433946,410.4462911989568
3.0400000000000023,0.2866025283455443,0.1637181785492517,19.635075277840567,6.253005378971881,6.271226637675543,0.0,0.27782444351158964,0.00027489898524777137,5.53542126939356,-0.058752256317364485,-0.012965098648823233,0.0,446.9272318730972,446.2489508528391,447.55491905656066,446.2565229355317
3.0600000000000023,0.2921793413819714,0.16367175989321056,19.745537240251235,6.251930746228993,6.270969804831058,0.0,0.27985686013111877,-0.004916764589359719,5.510774971673453,-0.04458099078047274,-0.015187317580366745,0.0,409.23880833186,408.64495218846747,408.3861137820807,412.1588293460004
3.0800000000000023,0.29780353902270806,0.1635035560131247,19.856021446667405,6.251062984427968,6.270736528699834,0.0,0.28256290394254674,-0.011903623419227363,5.537645669943807,-0.05148866978067328,-0.0033154836544082526,0.0,457.70268203566076,460.529024876485,459.19189527730396,457.543686509654
3.1000000000000023,0.30347981473496244,0.16320028919486904,19.966837365147846,6.2500340450637495,6.2706709016837365,0.0,0.28506466728289404,-0.018423058406335742,5.5439461781003,-0.052780204831995796,-0.004483950164000789,0.0,440.9530145241205,440.6633550305559,439.2885569263114,438.9653546854778
3.1200000000000023,0.3092085475980745,0.16275847849462702,20.0779623347522,6.24897846478466,6.270582505062887,0.0,0.2878086190283085,-0.025758011617865877,5.568550782335374,-0.05299845949818405,-0.0060854384902215885,0.0,457.38798580452743,457.0052141379919,456.88143737544743,456.8274870058335
3.1400000000000023,0.31499185273124736,0.16216899110147695,20.189539804610494,6.247920772954814,6.270495182938207,0.0,0.290521894288978,-0.03319072769714171,5.589196203493841,-0.05086428044425133,-0.014378404802142739,0.0,454.3025118916845,452.30304113704716,453.7596110500966,454.27161619436197
3.1600000000000024,0.32082259268302543,0.16144804959475761,20.30097758087783,6.2469084318203585,6.270331838686161,0.0,0.2925521008888315,-0.03890342297479386,5.554581423239864,-0.05400895035699818,0.0013838186448611699,0.0,397.260852099043,401.5744165350771,401.0031954637467,400.1431555659222
3.1800000000000024,0.3267042956698899,0.16058272856895525,20.412508056028866,6.245828450115592,6.270360434540269,0.0,0.29561819779761134,-0.047628679605442654,5.598466091863602,-0.05338077462936668,2.7735159446232345e-05,0.0,474.5172977251839,474.2048133685013,474.3421560484464,474.4851463733674
3.2000000000000024,0.3326428101136943,0.1595532301121067,20.524570464737998,6.2448626442766475,6.270391517429411,0.0,0.2982332465828253,-0.05532116607941252,5.60777477904981,-0.039111250906148774,0.00784159284353433,0.0,442.06031663495975,443.9880999642496,442.15557162803503,445.6671399553737
3.2200000000000024,0.33863009250124065,0.15837827199121496,20.636548453678966,6.244082685048966,6.2705590917146665,0.0,0.30049499217181563,-0.06217464600976144,5.590024115046897,-0.04124000192076655,0.0032064168201364103,0.0,417.68612851310166,416.4712893129969,418.01470844022236,417.4568427499803
3.2400000000000024,0.3446642447679177,0.15705884670381978,20.748325002066426,6.243259549846222,6.270639318217594,0.0,0.30292023449588595,-0.06976788272975634,5.587630723699048,-0.0394152632147947,-0.0024677644465363104,0.0,432.81482639880613,431.37945206734156,432.2165256224321,432.6767785227271
3.2600000000000025,0.3507560173532912,0.15555645195426432,20.860792442851345,6.2424712471767165,6.270589967474214,0.0,0.3062570240414709,-0.0804715922257919,5.659113354792858,-0.03934322448156893,-0.0023724171822650693,0.0,497.8014039924973,497.8223894882165,498.8839863253233,498.8991739891077
3.2800000000000025,0.35690746786169886,0.15386109695368577,20.974119461204193,6.241686208142394,6.270544960601891,0.0,0.3088880267992978,-0.08906390783206111,5.673588480491677,-0.03743248885994664,-0.004582155321363198,0.0,449.854181620825,449.31701608276114,448.07567817595384,448.5407652915881
3.3000000000000025,0.36311719425611566,0.15197398056942898,21.088175814163932,6.240958086444557,6.270519798956741,0.0,0.31208461264238163,-0.099647730593617,5.732046815482061,-0.04383999685639212,-0.016113110292973524,0.0,489.60208330373143,487.0212432065337,488.76342312555477,487.3279527158845
3.3200000000000025,0.3693802425775629,0.14990889693962609,21.202559687804452,6.240082258942014,6.2702256229393,0.0,0.3142202195023424,-0.10686063238667237,5.7063405485698695,-0.04244541119354553,-0.008618286957113482,0.0,410.1958428662964,412.18820762633743,410.2975953188045,410.6676948041767
3.3400000000000025,0.3756948617785679,0.14767027711228,21.317073686990664,6.239237345845403,6.270158457511339,0.0,0.3172417005981559,-0.11700135034793581,5.74505937005121,-0.045272115019874624,0.0058869059876352145,0.0,470.20961160597585,473.56940707353766,471.2123420664086,470.55535648910217
3.3600000000000025,0.38207096970450644,0.14522380795576248,21.43243143660449,6.238344392198819,6.270401597758038,0.0,0.3203690919956974,-0.12764556530381677,5.790715591331165,-0.04027438477227372,0.021723706608202484,0.0,475.8501189226001,479.4737766695395,477.49696957008473,478.63854537324374
3.3800000000000026,0.38850013476953804,0.14259348158975643,21.548007277029907,6.237540166245132,6.27087016299742,0.0,0.32254741450746116,-0.13538707129678956,5.766868451210755,-0.04186293238496992,0.029980958841028,0.0,412.34938355261534,414.53246132085883,413.60019207201685,413.1791958988996
3.4000000000000026,0.39497976970909854,0.13977832844853716,21.663732587696902,6.236733235624179,6.271491011880277,0.0,0.325416079448585,-0.14612824282513606,5.8056626154887425,-0.03407473275401989,0.0234648701313262,0.0,473.0017340432908,471.49385256702124,471.019822202804,472.82276935059383
3.4200000000000026,0.4015114379034903,0.1367618092753282,21.77990351055873,6.236058660803007,6.271964333318799,0.0,0.3277507399905935,-0.15552367449576032,5.811429670694113,-0.03779490315542246,0.020627957762385497,0.0,442.7138132934655,442.01290981583213,442.9278181932049,442.0083550386736
3.4400000000000026,0.40809189114247113,0.1335431755129237,21.896462161976796,6.23530499703006,6.272379482091374,0.0,0.33029458390748756,-0.1663397017446909,5.844435471112624,-0.03568100147276433,0.018352164569256327,0.0,467.9396491731266,467.4077367311666,466.9159956798317,467.4099685341956
3.4600000000000026,0.4147227508644558,0.13010431402078856,22.013726443665888,6.234600638618817,6.2727861432821665,0.0,0.3327913882909808,-0.17754644746882428,5.881992697796715,-0.0399848644383179,0.027253613822866285,0.0,470.88559872693526,472.94715684037544,472.1778909474169,471.1801038413636
3.4800000000000026,0.4214017938775891,0.12644336627523892,22.131665902998087,6.2338270999491385,6.273390759710921,0.0,0.3351129130223428,-0.18854832708614222,5.911953235423157,-0.03275179882450451,0.03816637262141195,0.0,464.8931997842918,467.4519707454063,463.8539086851298,465.5544127010943
3.5000000000000027,0.4281239044392582,0.12257060975015412,22.25000258806092,6.233198934425198,6.274171884527469,0.0,0.33709814314456854,-0.198727325422338,5.921715270860107,-0.025420979968428493,0.04413250438653379,0.0,445.9001401151229,447.36090103620563,447.1391891491378,448.927211106801
3.5200000000000027,0.43488361358524313,0.11849563811086704,22.36848141491852,6.232697108133422,6.275056262905169,0.0,0.33887277145393013,-0.20876983850636868,5.926167414899939,-0.021789642035335646,0.0459916923644552,0.0,441.8087739422258,442.2696059503499,442.46273270001325,443.3587663202159
3.5400000000000027,0.44167661832493643,0.11422131104331207,22.486999839624936,6.232263399753931,6.275976118814766,0.0,0.34042770251539817,-0.21866286824912795,5.925675055741748,-0.023831435959722952,0.04578163376235984,0.0,438.80932864958385,438.75827345309085,437.1718237136673,436.66101086068574
3.5600000000000027,0.4485015866964248,0.10972931481197407,22.605880495436153,6.231815504937067,6.276893759915614,0.0,0.3420691346334392,-0.23053675488467218,5.962390525380338,-0.03141218820871323,0.04778584213500923,0.0,470.74821795898106,471.2144273576823,473.7309915670949,471.9786842883703
3.5800000000000027,0.4553574673002262,0.10499682487611045,22.725533878839215,6.2311879501978495,6.27785000904548,0.0,0.34351892574670245,-0.24271223870168915,6.002947814926056,-0.03258609191526293,0.0467540600216486,0.0,475.45351257845664,475.21748348491957,476.1566464700907,475.8868313697442
3.6000000000000028,0.4622398469479469,0.10002139396587412,22.84595893546601,6.230562176270649,6.278791107381682,0.0,0.34471903902536716,-0.2548308523219433,6.039557847753508,-0.025382216416064796,0.050223104780488005,0.0,472.8280817967178,473.63047124877954,471.20947536370426,472.8771801744399
3.6200000000000028,0.46914229389723994,0.09482275009175031,22.966724781406338,6.230055767838989,6.279797167833131,0.0,0.3455256559039362,-0.26503353509043664,6.037026746278939,-0.023810022623083002,0.04843516974887066,0.0,437.58319019706727,437.1379881997927,436.8475384599202,437.24061751607456
3.640000000000003,0.47606046460212503,0.08939458491427375,23.087900483631458,6.229653478803506,6.280783384509579,0.0,0.34629141458457374,-0.2777829826572199,6.080543476233076,-0.011651781222466686,0.05435349408438148,0.0,478.08950896583644,479.4418879127436,477.94555331959185,480.7179259873982
3.660000000000003,0.4829907496583453,0.08372859770254179,23.20960816171159,6.229433806101456,6.281901045581792,0.0,0.34673709103745787,-0.2888157385159763,6.090224331779938,-0.0064820767049107,0.046531577372398616,0.0,450.65806614250886,448.7588547593175,447.96198811494133,449.2217536782267
3.680000000000003,0.48992764285191553,0.07784063566739247,23.33152562175184,6.22930698350493,6.2828317853941815,0.0,0.34695222831956357,-0.2999804649989561,6.101521672245163,-0.004107655692340246,0.04606624965558503,0.0,450.9582225682974,450.84667235364753,450.32671014395027,450.9027655125142
3.700000000000003,0.4968665526343504,0.07177999404988111,23.45272566892888,6.229233247941355,0.000568305275351122,0.0,0.346938749923923,-0.306083696752179,6.018483045458918,-4.595792068465103e-06,0.04506418414441251,0.0,352.811338231967,352.50257429102646,352.96843781347377,354.23695514857684
3.720000000000003,0.503803820162289,0.06556773622254224,23.57281064064565,6.229237353018952,0.0014825505906355119,0.0,0.3467880028699272,-0.3151420859817084,5.9900141262177415,0.002892642009182407,0.05015567359180172,0.0,411.13381205592333,412.4865880072968,410.84377195794053,411.61387086775704
3.740000000000003,0.5107359875471632,0.05915494820138354,23.692684946770257,6.229323604952841,0.0025063157487865695,0.0,0.3464287356174881,-0.32613671613416095,5.997416486243034,0.010429099227906694,0.05658244359163167,0.0,444.60338505061856,446.1821387887766,445.77673267235457,447.6207669562052
3.760000000000003,0.5176588690123605,0.05252256414634288,23.812705071157108,6.229551024732544,0.003689806572475973,0.0,0.3458594109022379,-0.33710168936990453,6.004595952442076,0.01656714372835618,0.06676497292938678,0.0,444.4772784457386,446.97644800506754,445.3628033272101,446.8665614705958
3.780000000000003,0.5245685026685729,0.045679634632188444,23.932714347598466,6.229892407604627,0.005055354515579147,0.0,0.34510395471900895,-0.34719126204553946,5.996331691693473,0.021048214474330574,0.07454295268195181,0.0,430.4945710251532,432.4683813051724,430.61967095799736,431.75552504554247
3.800000000000003,0.5314598324378202,0.038629232604127726,24.05267685575146,6.230313427458878,0.0065522071043764285,0.0,0.34402902220571596,-0.35784894076053175,5.999919123605773,0.02138157543219839,0.07108071780892887,0.0,442.18013694812333,441.32785945874804,443.28335646542223,443.3655412983088
3.820000000000003,0.538323442924591,0.03134071595482528,24.173198641362585,6.230741314537685,0.00799372597287551,0.0,0.34233202647135674,-0.3710027241697128,6.0522594375068905,0.020666634645372932,0.07739015713750942,0.0,485.63162283390017,487.05298447789994,486.3426546917765,486.18191182431246
3.840000000000003,0.5451512845624873,0.023801885418674576,24.294544327024276,6.231154958498797,0.009542201609571421,0.0,0.3404521373182633,-0.3828803294453574,6.082309128662174,0.021455644409790416,0.07623042100719479,0.0,467.9445310421709,467.67799138519393,466.8335972372142,467.0182554080832
3.860000000000003,0.5519390149966995,0.01603200620214184,24.416384013986185,6.231589008304745,0.011101442789890115,0.0,0.33832090610296084,-0.3941075922079159,6.101659567528747,0.02459791039220602,0.06790783004348376,0.0,458.67611165203044,456.6929482492131,458.0532959195848,458.80248707604494
3.880000000000003,0.5586750780630192,0.008012265038337284,24.53911894587863,6.2320838444236415,0.012471476763709965,0.0,0.3352854005289999,-0.40786652417253966,6.1718336217158765,0.026997039839657386,0.07278171411071423,0.0,501.9610034723908,503.024016223809,501.92759140093926,502.449759298128
3.900000000000003,0.5653568589839749,-0.0002399592122307976,24.66244822174197,6.232653473600996,0.013956286532249784,0.0,0.33289269156657525,-0.4173559008842684,6.161093964618014,0.034702671619188455,0.0804204949461336,0.0,430.38560108318086,432.3255447963992,429.38510405719614,431.3424040517136
3.920000000000003,0.5719893824916563,-0.00867593438931122,24.785464048552612,6.233380914705929,0.015566645877887808,0.0,0.33035965920156396,-0.4262416168237739,6.140488716446426,0.04287428988610155,0.08239505652534516,0.0,419.9430662604932,420.4623201330271,420.9026694140085,423.0200514533789
3.940000000000003,0.5785620039407393,-0.017308771308067433,24.90847730192332,6.23426420338275,0.01724063797804387,0.0,0.3269024857067338,-0.43704207505184756,6.160836620624406,0.050058004677188815,0.08961876328140023,0.0,458.34690956822425,460.0715920835943,459.1022635776211,460.8103185037485
3.960000000000003,0.5850637415480904,-0.02615028246752022,25.03178650400941,6.235266730031096,0.019035884737284015,0.0,0.3232712750283808,-0.4471090408934313,6.170083587984726,0.048404792772100226,0.09201521633198825,0.0,449.70397590807306,450.29266491351046,449.4646595079629,449.0639869484236
3.980000000000003,0.591480200008774,-0.035213563954326704,25.15574931351641,6.236247077441451,0.020876456745466676,0.0,0.31837457103998507,-0.45921910778721703,6.226197362715091,0.04345473117370611,0.09274690143218187,0.0,490.76885080039835,490.9380266306214,492.13411473952016,491.03469716594685
4.000000000000003,0.5978063638013525,-0.04448890652532791,25.28024504893394,6.23712066660444,0.022731821503386485,0.0,0.31424180821787123,-0.4683151493129033,6.22337617903778,0.04045655188795258,0.09367072963694144,0.0,438.0968242009447,438.3346479629546,440.25356136504473,439.5096256707762
4.020000000000002,0.6040421567530686,-0.0539527912170311,25.404864225812602,6.237948160804359,0.024622244278772243,0.0,0.30933748695374175,-0.47807331985741564,6.23854150882873,0.046516776662835,0.09950308467540815,0.0,453.9349433208264,455.3443537709157,456.1455853927493,457.5962499892554
4.040000000000002,0.6101679121625756,-0.06362465532751875,25.530108007598432,6.238880167243163,0.026614949876069716,0.0,0.3032380539969575,-0.48911309119134916,6.285836669754187,0.044688714549000086,0.09720356133818915,0.0,484.87971117432755,484.3687065190877,484.35457585548573,483.94296259597775
4.060000000000001,0.6161880258429246,-0.07347973579975148,25.655500742385833,6.239793006445456,0.028562873457831373,0.0,0.29877331403794594,-0.49639495603192374,6.253436808985937,0.05086364957905444,0.0944278254003808,0.0,410.9334337117905,410.2033646749162,410.1208579873386,411.76467769142516
4.080000000000001,0.6220942009487762,-0.0835115055226746,25.78099449217691,6.2408884963124045,0.03045178723998898,0.0,0.2918441965472042,-0.5067820162603881,6.2959381701214525,0.06337099744867022,0.09358251581178731,0.0,480.545874005117,480.36039991213,478.9169358679187,481.7644093559396
4.1000000000000005,0.6278713272673881,-0.09372889228584695,25.906876647824078,6.242193211112539,0.03234365021677732,0.0,0.28586843531399025,-0.5149566600568466,6.292277394595644,0.05473446444505474,0.09994060680714772,0.0,437.64456496113354,439.2372093784378,440.71214242626473,438.5678513673364
4.12,0.633521480536562,-0.10411208797228133,26.03280250708345,6.2432931121657305,0.03436495581113075,0.0,0.2791468916033912,-0.5233629085865912,6.300308531341453,0.05150591545538777,0.1066478354764,0.0,448.25932339172135,449.9003345352024,451.20633884715147,450.4255042738189
4.14,0.639033915138919,-0.11466018122463814,26.158863605716114,6.244335021288144,0.03650083866590759,0.0,0.2720965686323151,-0.5314464166490891,6.30580133192476,0.056362007156544734,0.10422868469626118,0.0,449.2605909648925,448.6814799348002,445.7925133241871,446.9832888129041
4.159999999999999,0.6443906873899815,-0.12537884457171675,26.28531674178631,6.245463403645749,0.038586549161564676,0.0,0.2635806564739297,-0.5404199180587704,6.339512275095012,0.05787343990316539,0.10573653199099307,0.0,472.4644062265312,472.82186482481353,473.71578047756014,474.06633562552094
4.179999999999999,0.6496009832459742,-0.13624641116527586,26.41170196463225,6.246626056261547,0.04072174989063715,0.0,0.2574489291253374,-0.5463367412971387,6.299010009499009,0.05465355862103694,0.11213498324937365,0.0,402.75044492093014,404.4943051735369,403.030951776259,402.1594080404613
4.199999999999998,0.654671603141451,-0.14724281952171572,26.537612802357298,6.247720104486099,0.042997617549168865,0.0,0.2496130604223512,-0.5533040943468464,6.29207376300585,0.053255665827978305,0.10399029251929416,0.0,436.12650332657466,434.09188951510293,436.94236924971904,436.5945838794262
4.219999999999998,0.6595446008989769,-0.15840667393848193,26.6642341598279,6.248787043464215,0.04508396877600607,0.0,0.23768671533024757,-0.5630813473297762,6.370061984054101,0.055166509388272285,0.10760840707013343,0.0,510.3387412331543,511.12091884825537,510.3040457773853,510.7146130947189
4.2399999999999975,0.6642045781411142,-0.16973935678821586,26.7917228002913,6.249891373806648,0.047242353362279665,0.0,0.22831100888347994,-0.5701869376436167,6.378802062286223,0.056580832311307366,0.1111344373795086,0.0,451.6644496649301,452.5269082808163,450.7072967069314,451.05216083698076
4.259999999999997,0.6686509381966986,-0.18122717180137318,26.919843885824314,6.251023674869341,0.04946728547855628,0.0,0.2163249966749651,-0.5785945636721136,6.433306491015118,0.05541086097244471,0.11325262938501741,0.0,491.18290103659115,491.66366644374534,492.71830101519373,492.46053641218964
4.279999999999997,0.6728838220351752,-0.19285965127264287,27.048411909690603,6.252134883178968,0.051732478246874436,0.0,0.20696338717268242,-0.5846533834548568,6.423495895613802,0.0578567105905356,0.1137821208731927,0.0,433.94611232566393,434.0912094979094,435.26280645367484,435.87873023775785
4.299999999999996,0.6769004625715896,-0.2046261234122506,27.177261611100143,6.253292400727467,0.05400913959921727,0.0,0.19470066646876283,-0.5919938305059151,6.461474245339987,0.05698111172272653,0.11235458111594224,0.0,478.2513503752522,477.9355124378484,478.61824492718694,478.4202951119994
4.319999999999996,0.680700466985939,-0.2165179508683833,27.30624253519553,6.2544340619150205,0.05626590043398405,0.0,0.18529977496617217,-0.5971889151073584,6.436618164198396,0.054961729094551916,0.11675212871611486,0.0,419.4261584047892,420.5826592441422,421.2284719048089,420.7065403922058
4.339999999999995,0.6843063399892335,-0.22851290256831844,27.434765693901912,6.255574994344812,0.058616763706876185,0.0,0.17528752536327302,-0.6023062548861574,6.415697706439842,0.045829604708624266,0.12237719735033815,0.0,424.20766433377287,425.66751199186143,424.36821821155564,422.01161833093283
4.359999999999995,0.6876869736207801,-0.24061805371263487,27.563225469352894,6.256499568467252,0.061064459413604055,0.0,0.16277583779139257,-0.6082088595454843,6.430279838658353,0.04982510924922591,0.1229281233373029,0.0,457.6727421534673,457.8173714127514,456.57933980789926,457.5360220270553
4.379999999999995,0.6908150917801251,-0.25283807876202635,27.691929219646916,6.257496200835966,0.0635433621932675,0.0,0.15003597814311706,-0.6137936453936642,6.440095190743998,0.04931484710166424,0.1293062598861254,0.0,452.60352251332114,454.1545840677534,453.1177851042131,452.99618108145836
4.399999999999994,0.693677641477899,-0.26517006311362745,27.820917676053927,6.258515827437375,0.06613042905431055,0.0,0.1362189916342723,-0.619404789766444,6.458750449957487,0.04115033127093867,0.12793391640089455,0.0,462.09833129134097,461.7882166520216,461.83200605347514,459.89702573998915
4.419999999999994,0.696265467890408,-0.2776094379967126,27.950170290841125,6.259365122695794,0.06874509629785486,0.0,0.12256364961662715,-0.6245326985420694,6.46651102876262,0.04840134954444079,0.11735195859277221,0.0,452.6057056789926,450.05759709251873,451.16003438812817,452.9142340077802
4.439999999999993,0.6985842571905119,-0.2901464142470765,28.079440978554757,6.260335863638051,0.07109220402556016,0.0,0.10931528039376048,-0.6291649264943182,6.460557742600465,0.04607156355971248,0.11698167262348173,0.0,438.9968284425958,438.91715873210444,439.2395724468945,438.66087918310325
4.459999999999993,0.7006329554612147,-0.3027744368558962,28.20860144933518,6.261265723174198,0.07343185229947391,0.0,0.09555454667651685,-0.6336373343876549,6.455489335441794,0.041965893102561304,0.1168095015239067,0.0,440.26470908686025,440.2343665671693,439.7390167886198,438.7185537215905
4.479999999999992,0.7023739650794533,-0.31549851092823983,28.338040744039233,6.262109109215592,0.07578284340525077,0.0,0.07854641514733308,-0.6387700728467055,6.488440134963655,0.03911346279055555,0.11136871568019689,0.0,474.0187390922901,472.77381544640104,475.73271582601876,475.077720025147
4.499999999999992,0.7038043447003101,-0.3283136492725874,28.46767882896889,6.2628949553232385,0.07801033743504782,0.0,0.06449154693834044,-0.642743761588046,6.475368358001814,0.041788103639467535,0.11185803396790815,0.0,432.3096957131037,432.44476559643806,432.20704369558206,432.8837521146184
4.519999999999992,0.7049267754117828,-0.3412127697825968,28.59734648692962,6.263747991496043,0.08026609919718286,0.0,0.04775152420894199,-0.6471682894128964,6.491397438071272,0.04766587532855545,0.10575867616940511,0.0,460.03188012372755,458.59103848592804,459.1038659992059,460.5020036644016
4.539999999999991,0.7056965228147674,-0.35420177293958555,28.727497196090845,6.264704817691477,0.08239315779410283,0.0,0.029223216089502804,-0.6517320262859796,6.523673478051272,0.05031490868517281,0.1106341399487935,0.0,473.0657474365619,474.19991880287546,474.63860943548804,475.2494698180625
4.559999999999991,0.7060978533731823,-0.36727833935267334,28.85820832805039,6.265782083849242,0.08460956819649201,0.0,0.010909839751991005,-0.6559246150228012,6.547439717903654,0.06222859695202035,0.10790371748591478,0.0,467.0347702875122,466.40550113669775,466.1523825551025,468.9390569527047
4.57999999999999,0.7061329586519245,-0.38043542583300766,28.989336549772386,6.26704967553075,0.08677284648884065,0.0,-0.007399311877775427,-0.6597840330106312,6.565382454295663,0.06901383717876536,0.10467759206050856,0.0,462.04139108693494,461.28732540343907,461.9372301350986,463.5426051555201
4.59999999999999,0.7058260171541155,-0.3936617047858534,29.12049275509517,6.268449594416449,0.08890489455047845,0.0,-0.023294837903122256,-0.6628438622739407,6.550238077983024,0.07528155480563867,0.09590305840597807,0.0,433.75315414227,431.5461739737973,429.59839958734034,431.19399439655376
4.6199999999999894,0.7051302674799486,-0.4069577878672403,29.25209792070461,6.269970552745688,0.09082860166746798,0.0,-0.04628012951357768,-0.666764445864749,6.610278482961092,0.06974490724116705,0.0925427164977802,0.0,499.0962526702613,498.36654211628644,499.6234493623089,498.4145122239299
4.639999999999989,0.703958953435825,-0.4203300362355675,29.38502376164943,6.271408386612666,0.09268473398501609,0.0,-0.07085127489877949,-0.6704603909679696,6.682305611520751,0.06047822259607616,0.08929372047066671,0.0,509.7832576941112,509.0922014483146,510.50476156770117,508.51988244942953
4.659999999999989,0.7023423962179046,-0.43376592850910795,29.51883969419748,6.27263454922454,0.09447233022542711,0.0,-0.09080444689326286,-0.6731288363860763,6.699287643284472,0.05471659783374609,0.09114943111477321,0.0,462.8633994459323,463.30771413925004,463.62857073651213,462.27064284219654
4.679999999999988,0.7002684779289129,-0.4472586998444868,29.653570271781003,6.273728885782475,0.09630067913019591,0.0,-0.11658738200591146,-0.6761482971518055,6.773770115067401,0.05481252761653083,0.08787520373302829,0.0,513.673469334268,512.9820492330467,511.6518236403047,511.67388531946403
4.699999999999988,0.6977509090595471,-0.4608014160788157,29.788993748909192,6.274842598580431,0.09806356961988616,0.0,-0.13516950493066698,-0.6781233262810854,6.768577597751245,0.060722222299757135,0.09115740270015213,0.0,443.28432191000127,444.0993480500116,443.080070763634,444.5376181340194
4.719999999999987,0.6948377641222407,-0.4743833029869269,29.924522461594115,6.27608472861688,0.09988677112567856,0.0,-0.15614498879996377,-0.680065364530033,6.784293670741104,0.06816340371853749,0.09083044157170923,0.0,464.17965776721053,464.1092455329949,460.9620459029615,462.7256461098347
4.739999999999987,0.6915145503756551,-0.48800051324333316,30.060232719490468,6.277519872834333,0.10173842558726687,0.0,-0.17617638585860715,-0.6816556611105922,6.786732118894231,0.08015307786596872,0.08245838923624713,0.0,452.35795358679604,450.3371836821705,449.34592351737126,452.2565335339205
4.7599999999999865,0.6877801492258463,-0.5016471253148631,30.19605913032543,6.279127854522216,0.1033990762472996,0.0,-0.1972637291222779,-0.6830055460424088,6.7959089646019235,0.07701615881555153,0.07766612978843924,0.0,458.2680857330363,457.1289108712462,457.3599649398805,456.6146153596999
4.779999999999986,0.6836085547824453,-0.5153179749702751,30.33218512714823,6.280688101345154,0.10499762400517998,0.0,-0.21989571521782197,-0.6840794194987934,6.816690717678122,0.07070368756772608,0.08717666732441962,0.0,467.29185616199476,469.5156738401706,468.2807287875664,466.8093310850189
4.799999999999986,0.6789696633661605,-0.5290072511476545,30.46883299289796,6.282102425741968,0.10674883278346492,0.0,-0.24399342641065883,-0.6848481982391366,6.848095857294718,0.07141170657702936,0.0910946851386241,0.0,477.2605536370534,478.16274364474924,477.51039318674214,477.675878413676
4.819999999999985,0.6738520591925323,-0.5427086735587168,30.606041467017295,0.00035933827634337945,0.10857369215482304,0.0,-0.26776699095215806,-0.6852940428671018,6.87275155463905,0.06612292932316734,0.09353011881090233,0.0,471.10681830643585,471.67798686919633,473.4498600489502,472.23084240377005
4.839999999999985,0.668275088196709,-0.5564159575663327,30.74355825155392,0.001684299862303007,0.11045771617399414,0.0,-0.28993010863017565,-0.6854343578944898,6.878926899023612,0.06388552033223448,0.08834906815438448,0.0,456.0778093905285,454.8415527879577,456.3895679661967,455.85650443800927
4.859999999999984,0.6622634737026359,-0.570123613142818,30.8810863673955,0.0029620344341978466,0.11227137581962676,0.0,-0.31123134077713,-0.6853311997540497,6.873884685134026,0.06410536231997851,0.09801118826800044,0.0,444.8987730824304,447.27283345484955,444.8754081766077,444.9323937605057
4.879999999999984,0.655818371435591,-0.5838267129548597,31.018549044799634,0.00425068338059198,0.11423428210382625,0.0,-0.3332788859273646,-0.6849787814501066,6.8723830552792755,0.06048826403693159,0.09569493316996246,0.0,449.81190505145906,449.2568014405319,448.48844511800957,447.608963100269
4.8999999999999835,0.6488709634855577,-0.5975181787701378,31.15648300832013,0.005472377476860579,0.11616949515109454,0.0,-0.361461909075964,-0.684167800077707,6.921013296770086,0.06537269144043717,0.08916586219938162,0.0,494.63761432403066,493.1995244197552,492.2965791445445,493.3820695431521
4.919999999999983,0.6414137561374965,-0.6111932338577853,31.29488719013643,0.006785655907733279,0.11795732327877495,0.0,-0.3842588257301471,-0.6833377086870508,6.91940488485969,0.06878578448468071,0.09216948790592709,0.0,449.65716997378564,450.3932530115731,448.3312707261213,449.16576035437726
4.939999999999983,0.6335069811974194,-0.6248497498543113,31.433176025250923,0.00816401067955308,0.11980174367428997,0.0,-0.4064186682775552,-0.682313890965554,6.909478626589697,0.07108321005533833,0.09360520194189961,0.0,441.4683261100118,441.83088186378023,441.25804400391337,441.83040858349113
4.959999999999982,0.6251402749372457,-0.6384823763893689,31.571376721813238,0.009587054455448829,0.1216789263319038,0.0,-0.4302519577398287,-0.6809487625402131,6.91059102964202,0.07274427886138701,0.09041815980994292,0.0,451.20708546982434,450.44161939162154,452.7234851217613,453.12813427933816
4.979999999999982,0.6163129869092044,-0.652086501692101,31.709437714349384,0.011047740817766716,0.12350236639349799,0.0,-0.4524768450642886,-0.6794637677330024,6.895508223972608,0.07615038663722448,0.08492691853032122,0.0,437.0952635651372,435.72685178804164,436.49989805388486,437.3562299660243
4.999999999999981,0.606964828894311,-0.6656518364103057,31.84778555994474,0.012571972530712294,0.12520948133819765,0.0,-0.4823389564250575,-0.6770697040874633,6.939276335562571,0.07771498255991917,0.08906855446160603,0.0,487.8614720021861,488.79372111100565,491.0805947971484,491.43268417116025
5.019999999999981,0.5971165525436881,-0.6791758032612226,31.98620445743868,0.014154735346933123,0.1269956495684017,0.0,-0.502488678637224,-0.67532698100423,6.902613413831616,0.07017002861403271,0.08597109066930751,0.0,417.0874449002537,416.2820469044668,416.1830454542611,414.20185507575775
